# HERO
3 2

# DOOR
38 16

# BOULDERS
106
12 1 19 1 21 1 36 1 2 2 4 2 21 2 25 2 20 3 22 3 25 3 34 3 1 4 14 4 21 4 24 4 29 4 33 4 1 5 3 5 4 5 14 5 15 5 18 5 27 5 34 5 36 5 4 6 7 6 16 6 22 6 25 6 34 6 36 6 37 6 34 7 37 7 6 8 14 8 16 8 29 8 37 8 9 9 24 9 27 9 35 9 4 10 7 10 9 10 24 10 25 10 27 10 30 10 8 11 17 11 18 11 27 11 30 11 2 12 8 12 17 12 19 12 28 12 32 12 37 12 3 13 18 13 19 13 20 13 23 13 38 13 21 15 27 15 31 15 1 16 12 16 13 16 16 16 25 16 32 16 34 16 2 17 5 17 14 17 20 17 32 17 34 17 35 17 5 18 18 18 25 18 27 18 35 18 9 19 12 19 14 19 15 19 25 19 27 19 35 19 38 19 7 20 25 20 28 20 33 20 37 20

# WOODS
60
1 7 2 7 3 7 4 7 5 7 6 7 7 7 8 7 9 7 10 7 11 7 12 7 13 7 14 7 15 7 16 7 17 7 18 7 19 7 20 7 21 7 22 7 23 7 24 7 25 7 26 7 27 7 28 7 29 7 30 7 9 14 10 14 11 14 12 14 13 14 14 14 15 14 16 14 17 14 18 14 19 14 20 14 21 14 22 14 23 14 24 14 25 14 26 14 27 14 28 14 29 14 30 14 31 14 32 14 33 14 34 14 35 14 36 14 37 14 38 14

# JEWELS
18
10 1 22 2 9 8 27 8 3 9 30 9 32 11 20 12 23 12 35 12 2 13 32 13 16 15 28 17 6 18 28 18 28 19 2 20

# BLANK
36
7 1 13 1 29 1 11 2 30 2 36 2 11 3 14 3 3 4 4 4 37 5 24 6 2 8 11 8 30 8 15 9 25 9 26 9 2 11 19 11 37 11 5 12 10 12 11 12 1 15 2 15 12 15 2 16 35 16 22 17 23 17 9 18 4 19 7 19 13 20 23 20
